# Loads colliders by default
# Use the keywords 'fear' to change input to fear zones and
# 'collider' to go back to loading colliders

# x y width height
# x y width height isHarmful isDiggable isWater friction

start
120 0 100 80

end
400 900 100 80

fear
600 900 100 150

collider
0 700 100 100 2
0 800 100 100 2
0 900 100 100 2
0 1000 100 80 2
100 1000 100 80
200 1000 100 80
400 1000 100 80
500 1000 100 80
600 1000 100 80
700 1000 100 80
800 1020 100 80
900 1040 100 80
1000 1060 100 80
1100 1080 100 80
1200 1080 100 80
1300 1080 100 80
1400 1080 100 80
1500 1080 100 80
1875 1080 125 80
2000 1080 100 80
2100 1080 100 80
2200 1080 200 80 false true false 0.85 2
2400 1080 100 80
2500 1080 100 80
2600 1080 100 80
2700 1080 100 80
2800 1080 100 80

2100 1160 100 80 2
2100 1240 100 80 2
2100 1320 100 80 2

2200 1160 200 240

2100 1400 100 80
2200 1400 100 80
2300 1400 100 80
2400 1400 100 80
2500 1400 100 80
2600 1400 100 80
2700 1400 100 80
2800 1400 100 80
2900 1400 100 80
3000 1420 100 80

3100 1440 100 80
3200 1440 100 80
3300 1440 100 80
3400 1440 100 80
3500 1400 100 80
3600 1360 100 80
3700 1320 100 80
3800 1280 100 80
3900 1240 100 80
4000 1200 100 80

2900 1080 100 80
3000 1080 100 80
3100 1080 100 80
3200 1080 100 80
3300 1080 100 80
3400 1100 100 80
3500 1100 100 80
3600 1120 100 80
3700 1120 100 80
3800 1120 100 80

3900 1120 100 80
4000 1120 100 80
4100 1120 100 80
4100 1200 100 80
4200 1120 100 80
4300 1120 100 80
4400 1120 100 80
4900 1120 100 80
5000 1120 100 80
5100 1120 100 80
5200 1120 100 80

5300 1120 100 80
5300 1040 100 80
5300 960 100 80
5300 880 100 80
5300 800 100 80

2400 1160 100 80 2

0 1080 100 80 2
0 1160 100 80 2
100 1080 100 80 2
200 1080 100 80 2
400 1080 100 80 2
500 1080 100 80 2
600 1080 100 80 2
700 1080 100 80 2
800 1100 100 80 2
900 1120 100 80 2
1000 1140 100 80 2
1100 1160 100 80 2
1200 1160 100 80 2
1300 1160 100 80 2
1400 1160 100 80 2
1500 1160 100 80 2
1875 1160 125 80 2
2000 1160 100 80 2

2500 1160 100 80 2
2600 1160 100 80 2
2700 1160 100 80 2
2800 1160 100 80 2
2900 1160 100 80 2
3000 1160 100 80 2
3100 1160 100 80 2
3200 1160 100 80 2
3300 1160 100 80 2

100 1160 100 80
200 1160 100 80
400 1160 100 80
500 1160 100 80
600 1160 100 80
700 1160 100 80
800 1180 100 80
900 1200 100 80

4200 1200 100 80
4300 1200 100 80
4400 1200 100 80
4900 1200 100 80
5000 1200 100 80
5100 1200 100 80
5200 1200 100 80
5300 1200 100 80

300 1160 100 80 true false false 0.85 0
1600 1320 300 80 true false false 0.85 0
4500 1280 400 80 true false false 0.85 0

moon
3300 1380 100 80
5200 1080 100 80

tunnel
21 30 59 60 61 62
