# collider
0 0 150 1080
150 815 1375 265
1525 710 180 370
1702 630 178 450
1880 560 400 520
2420 560 530 250
2950 120 230 580
2280 920 60 160
2340 935 90 145
2430 960 650 120
3080 890 220 95
4020 50 96 840
3480 400 145 50
3375 170 410 55

# dig
2280 560 140 60 false true false 0.4

# water
3700 800 320 90 false false true 0.9
3235 825 320 65 false false true 0.9
3875 695 145 105 false false true 0.9
3550 580 255 55 false false true 0.9
3180 495 240 65 false false true 0.9
3180 350 145 50 false false true 0.999
3720 335 170 70 false false true 0.995
3915 235 105 30 false false true 0.9

# harmful
# 3300 890 720 95 true false false 0.75
3300 890 720 95 false false false 0.75

tunnel
14 0

moon
400 400 500 200